 924   797
 113   867
 816   495
 582   228
 172   551
 734   448
 450   671
 595   947
  25    96
 389   156
  83    26
 239   744
 223   469
 717   130
 320   990
  31   189
 431   382
 974   357
 150   319
 317   567
 141    39
 399   592
 685   796
 575   728
 417   410
 987   408
  75    79
 927    88
 692   907
 274    28
 132    98
 624   170
 199   687
 322   390
 659   716
 590   149
 878   746
 121   142
 628   394
 216   667
 792    29
 454   799
 612   714
 530    85
 415    99
 719    13
 232   307
 697   569
  89   350
 373   839
 708   260
 912   136
  86   865
 764   349
 820   571
 330   683
 427   853
 515   900
 946   825
 861   375
 607   300
 617    42
 930   549
 484    16
 648   135
 892   183
 763   224
 658   507
 404   780
 918   811
 707   941
 510   679
 837   802
 833   188
 437   610
 893   748
 629   633
  36     3
 177   379
 601   727
 451   988
 461   781
 696   737
 631   731
 283   681
 209   474
 528   733
 986   793
 267   387
 585    32
 694    63
  11   699
 206   771
 428   578
 794   296
 101    22
 841   439
 904   866
 235   849
 980   163
 419   316
 976   566
 638    71
 598   491
 954   888
 929   915
  52   138
 516   635
 231    77
 823   146
 184   418
 250   504
 361   192
 372   949
 190   992
 832   981
 197   760
 508   581
 599   758
 845   488
 422   251
 104   321
 824   942
 931   305
 591   233
 122   480
 424    14
 703   314
 202   959
 363   288
 828   352
 965   558
 650   244
 335   120
  72   669
 324   211
 908   306
 873   953
  41   213
 164   555
 967   886
 517   280
 807   299
 729    27
 655   757
 355   645
 266   752
  62   430
 704    37
 326   114
 405   596
 325   287
 973   544
 258   304
 848   518
  56   478
 774   859
 588   709
 196   358
 568   243
 100   738
 275   546
 926   509
 664   995
 193   909
 785   284
 221   468
 662   939
 580    58
 494   935
 534   227
 618   273
 479   154
 200    51
 538   783
 814   678
 481    97
 463    90
 297   877
 332   340
 860   351
 961    18
 338   420
 286    12
 994   182
 226   501
 111   609
 805    20
 619   670
 252    92
 856   897
 345   157
 171   388
 963    74
 922   755
 123   173
  54   826
 445   378
 921   661
   7     8
 672   536
 201   452
 168   336
 882   339
 813   143
 693   765
 557   742
 257   730
 666   847
 151   409
 254   295
 432   262
 337   778
 851    60
 175   506
 139   242
 788   293
 806   623
 932   482
 899   880
  21  1000
 840   490
 925   265
 529   862
 198   868
 776   933
 140   308
 702   852
 511   652
   6   230
 710   169
 105   767
 174   543
 969   367
 775   115
 207   385
 449   663
 212   425
 844   278
 998   977
 779   268
 637   808
 269   246
  70   214
 179   483
 513   819
 315   943
 656   928
 975   762
 736   750
 770   680
 556   440
 803   271
 798   245
 436   732
 937   997
 381   677
 766   159
 162   537
 982   129
 125   400
   1   801
 126   586
 407   993
 487   117
 854   979
 116   996
 413   502
 643   871
 944   895
 972   795
 905   401
 864   343
 625   991
 759   673
 215    55
  10   539
 533   521
 743   622
  82   294
 255   576
 940   614
 836   370
 112   621
 467   620
 443   497
 896    50
 500   830
 817   818
 970   554
 810   429
 644   312
 827   674
 499   917
 600   547
  40   821
 160   725
 318   855
 391   462
 342   118
 903   553
 147   911
 458   885
  23   285
 875   769
 166   204
 472   751
 347   520
 402   636
 281   277
 773   745
  94   898
 218   426
 532   291
 640   876
 632   124
 423   165
 597    66
 649   583
 722     2
 524   587
  78   657
 368   789
 465   512
 253   486
 548   724
 577   962
 102   641
 187   446
 749   594
 593   411
 718   786
 238   540
  38   270
 477   333
 639   784
 119   310
 705   956
 247   144
 606   180
 526   835
 178   960
 984    81
 613   205
 950   416
  87   444
 691   914
 894   989
 782   354
 552   741
 397   383
 360   127
 809   879
  73   906
 706   328
 435   433
 831   302
 999   881
 968   562
 217   396
 978   948
 222   208
 843   279
 492   754
 723   945
 386    95
 153   329
 777   131
 459   249
 936   523
  61   838
 564   438
 110   161
 686   772
 261   107
 602   298
 334   186
 695   276
 133   545
  45     4
 395   374
 466    24
 282   473
  59   688
 346    47
 665   525
  34   966
  46   550
 412   203
 653   720
 739   225
 519    93
 475   393
 236   356
 344   371
 768   616
 651   604
 148   234
 561   392
 398   460
 721   535
 565   442
 109   913
  84   634
 527   726
  30     9
   5   842
  65   531
 514   698
  19   103
 272   264
 248   627
 822    48
 889   456
 934   106
 884   846
 983   476
 916   108
 829   348
 414   812
  67   735
 240   152
 195   791
 311   403
 603   365
 815   470
 167   327
 872   584
  53   237
 155   560
 485    17
  69   292
  49   630
 689   676
 331    35
 715   957
 611   572
 919   883
 902   341
 441   384
  33   804
 740    43
 700   858
 887   496
 955   303
  44   145
 364   660
 761   309
 453   890
 369   857
 573   464
 589   874
 503   380
 181   834
 713   229
 137   747
 675   290
 951   647
 455   541
 505   366
 910   158
 920   128
 570   711
 434   406
 701   376
 985   863
 753   176
 800   574
 712   359
 668   241
 923   869
 471   682
 608   971
 756   850
 891   377
 938    15
 559   219
 646   901
  57   563
 626   256
  76   542
 457   615
 522   191
 870   301
 421   313
 690    80
 579   220
 447    64
 493   323
 489   134
 964   952
 194   263
 642   353
 362   259
 958   185
 289   498
 790   210
 654    68
 684   605
 787    91