477  165
339  416
118  338
152  369
 44  131
480  395
486   50
378  147
235  179
190  479
204   93
361   52
248    3
108  450
201  273
125  393
 72   15
 65   51
431  185
134   70
490  387
388  100
489  459
203  303
299  366
379   29
409  237
463   49
222   30
422  344
417   75
381  355
493  180
 57  495
460  343
  7  287
161  376
247  413
242  274
457   96
 58   59
 84  276
275  472
 61  268
345  168
114  307
 56  175
208  337
318  441
362  262
226  340
471   64
149   60
336  456
157  186
455  304
155  352
473  317
357  264
245  282
 40  295
217  364
405  368
207  233
176  140
498  400
397  384
499   78
234  324
 68   87
115  261
372  216
 25   90
249  238
436    9
466  213
297   73
 77  206
143  171
109  403
 48   35
223  173
433  253
452  160
257    6
267  492
232  497
354  200
 94  260
 26  252
187   10
266  367
 63  285
360   19
258   82
  2  192
184  137
294  429
 14  330
269   98
350   81
469  214
291  334
316  120
123  169
314  117
 80  341
124  265
 13   67
390  193
435  132
300  198
172  205
415  326
394  284
145  162
289  220
263  446
286  101
335  358
251  488
448  351
438  419
 71  453
270  156
491  311
 21  323
 76  119
 22   23
225  432
209  333
 18   55
 20   88
148  188
380  482
389  159
487  127
467  126
461  128
283  219
481  241
445   27
313  320
  5   43
306  443
500  113
468   66
194   47
163   31
  4  178
309  430
243  122
105  181
 37   36
 53  312
308  288
478  321
279  377
218  296
401  164
 95  199
142  423
442  375
421  427
426  136
 69  346
383  349
111   62
 32  189
244  476
439  371
104    8
166   12
250  494
363   16
373   24
331  272
197  484
462  322
195  236
374  454
385  259
451   89
 85   41
398  327
177  224
 54  370
310  255
221   38
 34  475
434   74
196  254
 33  256
116  290
302  278
447   11
154   99
174  325
464  396
 45  135
212  102
 79   28
246  293
 92  458
239  328
319  191
428   86
106  110
474  292
342  183
130  353
404  112
150  211
356  129
 39  227
158  240
359  412
315  348
402  449
391  139
167  231
365  144
182  408
138  382
151  406
414  210
411    1
298  121
418   46
470  407
440  437
 42  141
465  347
281  392
444  485
280  425
277  305
215  228
170  424
103  133
332  229
496  271
153  301
386  107
410   17
420  202
 83  483
 97   91
329  399
230  146