 97   72
162  130
 90   17
 81    9
115  175
 53  120
 63  168
166  189
 33  174
 27   38
 80   56
 98   91
102  190
131   70
  1   87
 13  107
180  149
197  157
118   75
165  137
 48   35
144   83
 43  196
114  148
 74  200
 54   46
103  135
  7  160
183   24
 79  145
 31  106
159  172
121  110
104  111
 20   12
 82  147
163  173
171   93
155  198
177  152
 71  185
 86   96
 62  132
 41   84
119   95
 60  158
 51   11
187  192
146  142
167   49
 23   16
138   39
 21   44
193  125
117    3
116   99
105  127
129  170
 78   40
 37  153
 50    4
199  179
150   55
156  151
191   15
128   26
 77  126
  6   28
 19   25
188   92
  8   89
 42   66
  2   65
 73   58
139  122
 76   67
100  143
108  186
182  184
  5  124
 32   61
181  141
176  136
 68  195
 52   34
 45  101
164  169
112   47
134   36
 18   64
 85   57
 22  178
 69   59
109  113
 88  140
123   10
133   94
 29   30
194  161
 14  154