1057   242
1547   662
 511  1012
 579   833
1775  1917
 330  1148
 558  1104
1114  1127
 607   282
1517  1040
1005  1786
 623   944
 422  1545
1440   210
  16   577
 449   653
 754  1128
 753  1482
1580    38
 489  1758
1401   769
 438   636
1314   959
1946   960
 760  1319
 984  1181
1785  1013
 143   498
 827  1881
1667    10
 520  1140
1233   392
1034  1593
 366    62
1487  1983
 906  1083
1669  1463
1397   497
1159   200
 460   371
 641  1047
1296   672
1394   323
 693   601
1739  1652
 814  1067
 292   386
1568   495
 851  1380
  61  1534
1717   600
1438  1317
1874  1930
1596   886
 398  1885
1167  1077
 257  1131
1937   374
1918  1196
 839  1848
1126  1318
 397   469
 207  1323
1010  1112
1675   716
 694   108
 866   991
 256   635
  92  1709
1919   963
1723   951
1448     1
1406  1472
 726   335
1698  1477
1254  1882
1861    69
1561  1070
 858    41
 939  1812
 646   355
 359  1749
 244   419
1656   555
  39  1996
 240   976
 917   751
1205   383
1414   872
1878  1066
1746   838
1515  1836
1078  1748
 241  1702
1344  1326
 349   239
1629   914
 341  1932
1356  1724
1123  1575
 887   740
1480   786
 714   715
 507  1508
 829  1853
1423  1062
 266  1391
 306  1110
1156  1626
1312   147
1780     2
1877  1362
1044  1305
1275  1092
1094   744
 276  1419
 698   640
1490  1327
 767  1606
 410  1125
 909  1609
1693   830
 556  1630
 462  1332
1762   836
1343    18
1781   799
1585   283
 972  1425
 334   177
1316  1023
 737   570
1216  1175
 170   384
1297  1542
1587   586
1434   673
1867   213
1988    12
 472   681
1234  1968
 119   309
 231   171
1424  1804
 734   360
 162  1957
1194  1279
 387   277
 339   424
 468  1869
 456  1176
 450   911
1705  1354
1671   444
 195  1620
1977  1252
 226   591
 894   208
 502  1839
 742  1571
 559  1286
 399  1071
 191  1583
1009  1371
  51   118
1452   940
1909   710
 674   268
1505   144
1782    77
 696   121
1171  1138
  52  1250
1294    56
  90  1936
 988   759
 587  1310
 776   375
  63  1976
  49   393
 174  1825
1643  1720
1465  1800
 856  1610
1721   938
1764   486
 638  1530
 750  1335
1455  1973
1399   763
1278    55
 379  1886
1912  1031
1266  1588
1560   891
1566   113
 109  1778
 155   857
1954   525
1501    32
1133   691
 238  1777
 311   671
1107  1621
 755   112
1352   818
 797   369
   6   908
1699   321
 629  1519
 389   473
1048   254
1367  1713
1856  1888
 815   443
1109   179
 104  1454
 925  1628
 274   477
1242  1017
 217  1712
1099  1779
1016  1442
1668   676
 132   725
 447   322
1456  1550
1908  1965
 752   669
 224  1823
1015   871
 927    70
1300  1922
1191    40
1368  1647
1883  1873
 408   955
1774   148
 427  1863
 832  1980
1402   233
1599  1074
 929  1884
 166   509
1827    86
1288  1972
 287  1872
 757  1338
 924   707
1022  1880
 225   613
 153   663
 874  1030
1474   849
1146   426
 610  1436
 699  1637
1201   176
1444   739
 771  1916
 865   682
 745   534
1135   980
 365   934
 165  1479
1495  1236
1809   619
1199  1379
 151   824
1776  1315
 788   272
 896  1947
1953   337
 994    73
1577  1624
  79  1962
1557  1834
1688  1075
 922  1611
 420  1747
 475   494
1899   617
1108  1001
 327   835
1895  1496
1431   657
 965   800
1239   986
  91  1408
 549  1502
 416  1605
 428  2000
1632  1948
 517   893
 361   506
1763  1636
1682  1737
1750    20
 401  1211
1019   970
1625   589
 404  1361
1592   711
1460   454
1913  1101
1616   624
 868  1695
 294  1049
 125  1871
1767   553
 526   542
 373   977
  66   307
 812  1168
 228   898
 250   907
1351  1161
 689  1992
 196  1607
  60  1443
1348   178
1852   603
 508  1441
 466  1765
1833  1249
1788   510
 946  1890
  54   615
1692   342
1218   202
1291   106
1860  1984
 184  1563
 445   232
1591  1525
1798  1476
1535  1822
1054   798
1328  1247
1052   258
 884   590
 198   246
 599   701
 928   187
 962   905
 770  1129
1664  1838
 647   522
1911    80
 421   182
1396  1484
 581   654
 356   565
 855   550
 378  1879
1080  1994
1964   130
1395  1277
1439    81
 596  1824
 831   423
 810  1113
  17   248
 129   595
1270    22
1415   764
1808   377
  57   302
 677  1124
1231     3
 519  1309
1084  1680
 285  1198
 218  1650
 614   288
1958   727
1539   881
1209   524
1533   212
  30   652
1304  1837
1903   117
 756   683
 709  1295
1053   126
1144  1565
1085  1600
1197   950
1079   289
 367  1462
1105  1366
 209  1727
 730  1960
 588  1469
1942  1179
 597   479
 221   299
 990   897
1990   687
1799   937
1939  1722
 958   168
 439  1586
1933  1246
1719  1549
1106   193
 684  1751
   4   251
 795   413
 735   713
 956   414
1020  1045
1081  1681
1963  1240
1784  1730
1503  1829
 721   825
 154  1346
 792   430
1459  1700
1821  1485
1493   569
 566  1375
 604   336
1224  1736
 305  1350
1683   357
  94  1612
1574   111
1865   992
1704   304
1251   540
 319  1282
 381  1518
1387   253
 528   961
 803    23
1267  1132
 451  1243
 768  1374
1170   867
 483  1826
  74   261
 190   561
 580   642
 724  1640
1388   518
1506  1901
 695   736
 470   969
 996   317
 441   480
1572   204
1817    44
 440  1268
 223   201
1744  1164
 245   941
1271   888
1203   164
1941  1011
 678   205
1552  1185
 267   585
1359  1876
 181   582
 606   169
1390  1272
1670   527
 380  1995
 633   746
1064  1299
 141   255
 487  1673
1215  1324
 101  1290
1716   816
1370  1307
1471  1190
1257  1862
1007   432
 772  1797
1729   900
1403  1046
1220   688
1248  1134
1703  1710
1058  1905
1451  1684
  26  1141
 173  1894
1413  1450
 869  1427
 467  1859
1187  1411
1706  1289
1743  1820
1393   717
 837   516
1235  1447
 455   448
1165   409
 628   514
1373  1256
1321  1334
 578    27
 902   847
 567  1453
1627    21
 649  1320
 936  1819
1172   563
 481  1090
 103  1830
1229   700
 748   142
 442   344
1613  1731
  76   301
 315  1392
1651   140
1059  1244
 966   862
  53  1331
 418  1153
 637   227
1589  1284
1111   728
 670   899
1193  1260
 115  1993
1100  1417
 796   705
1536  1697
 354  1741
 269     7
1921  1032
1896   697
 804  1805
1952   370
 353  1226
  83    58
1227  1082
1567   785
1961   834
1982   644
1970   188
1180    28
1358  1509
1412  1184
1120  1754
1510   895
1276  1410
1488    85
1360  1772
1959   362
 547  1467
 749  1025
1143  1086
1349   490
 919  1222
 766  1864
1342  1708
1987   368
  50    89
 971    93
1378  1208
1158   664
 648   127
1875  1728
1755  1900
1814   968
 136  1985
1087  1633
1169   543
 290   133
 817  1018
 156   738
1262   743
 296   787
1036  1073
1149  1644
1259  1760
 316   783
 159  1177
 935  1843
 659  1213
 675  1154
1405   918
 493  1569
1761  1060
 219   137
 885  1303
 372   781
1024  1285
 492   967
1182  1531
 910  1228
1564   338
 583   686
1520  1283
 993   609
1598  1145
 139   280
1685   548
1470  1445
  99    71
1813   243
1409   598
1732   500
 194    35
1528  1573
1554  1478
1891   437
1385   394
 605    46
 275  1526
1261   358
1868  1617
1787  1902
1339  1139
 801   692
1398  1920
1931   446
 634   722
1866   376
1122   324
1117  1002
 429   457
1887  1934
 948   348
1345  1663
 464  1969
 741   793
1672  1796
 571  1365
 545  1966
 124   521
 873  1498
1027    87
1369  1967
  47   690
 496  1956
 325  1376
 318   326
1757  1582
 100   708
 952  1200
1803   135
 594  1658
 819  1383
 643   406
 923  1792
 593  1540
1907   531
 639   175
1648   719
 107   544
1325   568
1655   293
 298   820
 933  1355
1701   491
1204   631
 350   247
 295  1783
1897    34
 114  1707
 782   947
1076    98
  25  1924
1597  1043
  15   733
1949  1357
1230  1579
1548  1768
1042   122
1137  1998
1955    88
1811   626
1464  1802
1773  1364
1160  1347
 211  1273
 412  1892
1815   488
1038   949
 523   453
 875  1404
1186  1489
  43   632
1841   846
1810  1524
 953  1072
 921   557
1492  1927
1711   222
1622  1514
 876  1028
 843   807
 747  1500
 333  1119
 651  1889
   8  1522
 476   134
1646   415
 351  1426
1594  1635
 621   192
 541   985
 667  1653
 474  1578
 161    96
1147   199
1928  1807
 954  1292
1678   584
 989   916
 515   347
 870  1029
1938  1997
1381   206
1657  1971
1544   979
1759    37
 762   998
1207    33
 552  1091
 411   340
  82    13
 778  1975
 229  1115
 320   901
 465    84
1152  1771
  29  1725
 529  1831
1742  1416
1513   189
1217   314
1274  1893
 983  1645
 236   877
  75  1666
1483  1178
 661   666
1604   536
1035  1446
1660   926
1420   263
 230  1097
 215   363
 794   313
 848  1555
 252  1818
1088  1363
1494    11
1999   329
 400   214
1210   840
1130  1021
1486  1835
1428   889
1687   259
 560   284
 459  1118
 391  1264
1000  1639
1422   331
1241   842
1529  1844
 551  1512
 765   655
1142    45
1225   116
 396  1014
 650   774
1570  1847
 813  1735
1166   712
1521    19
 845  1595
1098   461
1466   131
 183  1061
1051  1691
 761  1491
 234  1795
1733   237
1069  1056
1263   352
 158   537
 390   260
 286  1793
1714  1223
 915  1576
1558  1590
 978   564
 618  1686
1050  1065
 780   435
 822   668
 602  1093
 945   513
1418  1497
 407   417
 729   706
 270  1794
 592  1163
1553  1511
1806   995
1265  1745
  36   809
1136   723
 943  1206
1308  1951
1926   773
1096    67
 665  1740
 403  1173
1026  1150
1854   790
1457   345
1095  1715
 167   434
1619   185
1978   405
 576  1851
 364  1400
1581   987
1986   554
 395   265
1287  1679
 499   186
1623   791
 382   823
1734  1212
1906   573
 806   300
1828  1950
1468  1430
1801  1974
1384  1532
 975   503
1340   805
1842  1121
1004   861
1033  1330
1337    24
1923   138
 105  1914
 433   974
1753  1849
 402   920
1155  1055
1389  1935
1790   346
1738   157
 964   973
1601  1449
1322     5
 271   612
 802   539
  72   308
 203   262
 981   501
   9   720
 152  1437
1435  1840
 731   572
1516  1269
1151   249
1752  1195
 883   854
 912  1458
  14  1989
 656  1103
 562  1475
1981   942
1202   505
 611  1791
1832   532
 149  1770
1689   679
 281   931
1336  1523
 332  1766
 110   660
  65  1499
1556   680
 452   853
 685  1429
 145   504
1372   630
1870   216
1293   784
 235  1255
1696   932
 385  1432
1192   622
 789  1481
 180  1329
1537   388
1006  1929
1915   535
1789  1654
 627  1157
 458   821
 616   826
 775   999
 431  1546
 808  1944
 463  1649
1541   882
1037   264
 471   485
 811  1898
1333  1232
 163  1925
1614  1377
1943  1769
1386   997
1690   702
1538  1461
 852   425
1945   273
1221   343
1642  1298
1280   608
1677   878
 880    95
1527  1008
 279    48
  78  1116
1311  1188
 297    64
1641   530
1991  1694
 220   575
1253  1718
1608   328
1068   863
1726  1979
 150  1756
1174    31
1631  1183
 982   890
 484  1433
 658   758
 903   841
1313   482
 704  1041
1584   913
1661  1940
  42  1846
1857   102
 879  1638
 718  1473
  68   930
1258  1219
 645  1407
 828   777
1237  1245
1634   844
1543   291
  97  1615
  59   120
 123  1353
1662   892
1102   864
1603  1341
 278  1507
1003  1659
1551   146
1855   860
 620   312
1618   779
1665  1504
 859  1910
 533   172
 957  1162
1559   703
1904  1281
 625  1214
1302  1850
1421   310
1306  1674
1301   574
 160   546
1238   850
 904   478
1858   732
 436  1189
1063   197
1039  1382
 512  1602
1816  1845
 303  1562
1676   538
 128  1089